-55336272.639175065	129962819.70413539	56344380.42646843
-55337909.463763535	129962229.45944574	56344124.597969934
-55339546.28034734	129961639.19719931	56343868.76181747
-55341183.08897227	129961048.91734095	56343612.91809307
-55342819.88967308	129960458.61993153	56343357.06662263
-55344456.68228738	129959868.3049395	56343101.20763809
-55346093.46690932	129959277.97237319	56342845.34102805
-55347730.24350821	129958687.62225598	56342589.46676854
-55349367.012102336	129958097.25456567	56342333.58489285
-55351003.772724554	129957506.8692551	56342077.695477426
-55352640.52534716	129956916.46640067	56341821.79837371
-55354277.2699957	129956326.04599144	56341565.89358158
-55355914.00670639	129955735.60794562	56341309.98125382
-55357550.73525993	129955145.15237959	56341054.06133793
-55359187.455960944	129954554.6792113	56340798.13372365
-55360824.1688347	129953964.18842998	56340542.19841112
-55362460.873468526	129953373.6801533	56340286.255534254
-55364097.57014514	129952783.15422873	56340030.3051675
-55365734.25884543	129952192.61075665	56339774.34709769
-55367370.939644635	129951602.04970524	56339518.381324805
-55369007.61233685	129951011.47106962	56339262.40806161
-55370644.277042	129950420.87486474	56339006.42715647
-55372280.933928885	129949830.26109824	56338750.43842596
-55373917.58278733	129949239.62968017	56338494.44228368
-55375554.223541416	129948648.9807387	56338238.43850885
-55377190.85643242	129948058.31420782	56337982.427016705
-55378827.4812584	129947467.6301388	56337726.40788736
-55380464.09820438	129946876.92839654	56337470.38125054
-55382100.707096495	129946286.20907944	56337214.347050235
-55383737.30797285	129945695.47226207	56336958.30507717
-55385373.90089593	129945104.71784124	56336702.255507685
-55387010.485969946	129944513.94580495	56336446.198267356
-55388647.06306994	129943923.15619022	56336190.13339351
-55390283.63207256	129943332.34901951	56335934.06095542
-55391920.193090305	129942741.5242312	56335677.98098483
-55393556.74612748	129942150.6819294	56335421.89323735
-55395193.2913273	129941559.82196157	56335165.797924355
-55396829.82850577	129940968.94441774	56334909.69501842
-55398466.357748635	129940378.0493075	56334653.58441371
-55400102.87889493	129939787.13665146	56334397.46622063
-55401739.39228799	129939196.20632775	56334141.34038311
-55403375.89752692	129938605.25845912	56333885.20701163
-55405012.39478166	129938014.2930311	56333629.065973185
-55406648.8842412	129937423.30998462	56333372.91721754
-55408285.36556618	129936832.30939732	56333116.7608998
-55409921.83904104	129936241.29115221	56332860.59700988
-55411558.30465667	129935650.25532404	56332604.42538461
-55413194.76196175	129935059.20201434	56332348.24623324
-55414831.21160598	129934468.13103136	56332092.05935965
-55416467.65321385	129933877.04245827	56331835.8649407
-55418104.08687064	129933285.93629043	56331579.66290362
-55419740.51261704	129932694.812563	56331323.4531272
-55421376.930327706	129932103.67122248	56331067.23585841
-55423013.34008627	129931512.51235561	56330811.010814525
-55424649.74201577	129930921.33578607	56330554.778281465
-55426286.13583338	129930330.14174448	56330298.538005345
-55427922.5217431	129929738.9300051	56330042.29030632
-55429558.899789676	129929147.70076331	56329786.0346899
-55431195.26984725	129928556.45388153	56329529.77159702
-55432831.631872654	129927965.1894362	56329273.50089399
-55434467.986002	129927373.9073636	56329017.22259361
-55436104.33214523	129926782.60775214	56328760.93658085
-55437740.670435235	129926191.29049352	56328504.64297476
-55439377.00063813	129925599.95569295	56328248.3417625
-55441013.32297607	129925008.6032962	56327992.03285094
-55442649.63740059	129924417.23327045	56327735.71636328
-55444285.94387607	129923825.84563488	56327479.39229055
-55445922.24240373	129923234.44043653	56327223.0605229
-55447558.53292461	129922643.01769081	56326966.72108261
-55449194.81552984	129922051.57730998	56326710.374082975
-55450831.0902273	129921460.11931328	56326454.01947124
-55452467.35701103	129920868.64371115	56326197.657229744
-55454103.615738235	129920277.15060008	56325941.28727629
-55455739.8666628	129919685.63980037	56325684.90977519
-55457376.10950252	129919094.11147557	56325428.52462735
-55459012.34445667	129918502.56555408	56325172.131801635
-55460648.57158225	129917911.00195357	56324915.73143197
-55462284.79063429	129917319.42087014	56324659.32330716
-55463921.001933135	129916727.82208684	56324402.90761208
-55465557.20515711	129916136.20575215	56324146.48432123
-55467193.40044634	129915544.57182495	56323890.05339117
-55468829.58788819	129914952.92028119	56323633.61479156
-55470465.76725209	129914361.25118943	56323377.16859156
-55472101.938741684	129913769.56448326	56323120.71474332
-55473738.102412395	129913177.86013746	56322864.25325096
-55475374.258073166	129912586.1382129	56322607.7841618
-55477010.40576741	129911994.39868213	56322351.30749669
-55478646.54555141	129911402.64156729	56322094.82314902
-55480282.677449904	129910810.8668377	56321838.331165366
-55481918.8013261	129910219.07453312	56321581.83158843
-55483554.91741692	129909627.26463363	56321325.32423134
-55485191.02553577	129909035.43711585	56321068.809331395
-55486827.12565144	129908443.5920298	56320812.28680395
-55488463.21792996	129907851.72927023	56320555.756728455
-55490099.30218493	129907259.84900782	56320299.21889467
-55491735.378616326	129906667.95109172	56320042.6734537
-55493371.44706049	129906076.0355792	56319786.120434925
-55495007.50761238	129905484.10244232	56319529.55980871
-55496643.56026059	129904892.15171702	56319272.99150365
-55498279.605026536	129904300.1834268	56319016.41544471
-55499915.64168601	129903708.1975041	56318759.832007974
-55501551.67068872	129903116.1939638	56318503.24071662
-55503187.69159648	129902524.17285177	56318246.641896755
-55504823.70465389	129901932.1341285	56317990.03539793
-55506459.709733635	129901340.07779995	56317733.42133225
-55508095.70699428	129900748.00386496	56317476.79954593
-55509731.6962582	129900155.91235805	56317220.17013479
-55511367.67759705	129899563.80321269	56316963.53318096
-55513003.65120773	129898971.67644374	56316706.8884568
-55514639.61678203	129898379.5320769	56316450.23620629
-55516275.57434334	129897787.37014723	56316193.57632616
-55517911.52407626	129897195.19057947	56315936.908807725
-55519547.46592055	129896602.99341525	56315680.23361399
-55521183.39987203	129896010.77866001	56315423.55073704
-55522819.32579668	129895418.5462841	56315166.86037729
-55524455.24394327	129894826.29631768	56314910.16221956
-55526091.154063806	129894234.02874477	56314653.456545755
-55527727.05635091	129893641.74353977	56314396.74322486
-55529362.95079669	129893049.44076402	56314140.02212288
-55530998.83712766	129892457.1203723	56313883.29361396
-55532634.715773076	129891864.78234723	56313626.55731533
-55534270.586488105	129891272.42672072	56313369.81339409
-55535906.44907875	129890680.05353382	56313113.06194733
-55537542.30398545	129890087.66271965	56312856.302695274
-55539178.15088906	129889495.25427233	56312599.535965346
-55540813.98994736	129888902.8282228	56312342.76153143
-55542449.821166754	129888310.38454895	56312085.97943773
-55544085.64434136	129887717.92332828	56311829.189708866
-55545721.45957598	129887125.44447605	56311572.39243652
-55547357.26700882	129886532.9480066	56311315.587451965
-55548993.06664888	129885940.43391387	56311058.77475959
-55550628.85832535	129885347.90219323	56310801.954539046
-55552264.6420237	129884755.35290264	56310545.12667068
-55553900.41790492	129884162.78599086	56310288.291114174
-55555536.18574074	129883570.20146908	56310031.44806871
-55557171.9458671	129882977.59934382	56309774.59718798
-55558807.69799988	129882384.97960553	56309517.73877414
-55560443.442322694	129881792.34223607	56309260.87268791
-55562079.17858594	129881199.68730946	56309003.9990051
-55563714.9070729	129880607.01471858	56308747.11769299
-55565350.62768029	129880014.32454848	56308490.22865739
-55566986.3403678	129879421.6167312	56308233.332095064
-55568622.045118764	129878828.89136407	56307976.42779771
-55570257.74198396	129878236.14831673	56307719.51601602
-55571893.4309825	129877643.38770834	56307462.59645606
-55573529.112125866	129877050.60947308	56307205.6692588
-55575164.78533485	129876457.81362432	56306948.734471194
-55576800.450715914	129875865.000132	56306691.79205757
-55578436.10813751	129875272.16904229	56306434.84204147
-55580071.75770504	129874679.32035723	56306177.884313785
-55581707.39936398	129874086.45406654	56305920.91895232
-55583343.033140816	129873493.57016905	56305663.945933715
-55584978.65913712	129872900.66861981	56305406.9652615
-55586614.277029134	129872307.74949816	56305149.97707173
-55588249.88729137	129871714.81271741	56304892.98109645
-55589885.4894314	129871121.85838388	56304635.97757632
-55591521.08383427	129870528.88639857	56304378.96635975
-55593156.67035153	129869935.89673983	56304121.94764292
-55594792.248804934	129869342.88959523	56303864.92116941
-55596427.819538206	129868749.86477494	56303607.887037724
-55598063.38234691	129868156.82230654	56303350.845386095
-55599698.93737431	129867563.76226471	56303093.79590074
-55601334.48437251	129866970.68458487	56302836.73897545
-55602970.023640156	129866377.58925213	56302579.67434964
-55604605.55489151	129865784.47638175	56302322.60203976
-55606241.07831991	129865191.34587628	56302065.5220794
-55607876.593800195	129864598.19773349	56301808.434597656
-55609512.10148471	129864005.03200161	56301551.3393325
-55611147.60136934	129863411.84858565	56301294.23650732
-55612783.0933142	129862818.64760277	56301037.12599004
-55614418.57728953	129862225.42902954	56300780.00786393
-55616054.05341698	129861632.19282073	56300522.88211333
-55617689.521759756	129861038.93894948	56300265.74873771
-55619324.98213594	129860445.66750479	56300008.60771145
-55620960.43466252	129859852.37844655	56299751.45901164
-55622595.879369296	129859259.07174411	56299494.30267925
-55624231.316146955	129858665.7474281	56299237.13875199
-55625866.74505656	129858072.40551129	56298979.96713983
-55627502.16601806	129857479.04600522	56298722.78789546
-55629137.579193935	129856885.66882771	56298465.60104773
-55630772.98450256	129856292.27405064	56298208.40651143
-55632408.38189626	129855698.86165111	56297951.2043869
-55634043.77146773	129855105.43165202	56297693.994529136
-55635679.15316048	129854511.98401827	56297436.77707549
-55637314.5269643	129853918.51875572	56297179.55202197
-55638949.89298127	129853325.03587866	56296922.31923534
-55640585.25102292	129852731.53538272	56296665.07891154
-55642220.601205215	129852138.01726797	56296407.830935895
-55643855.9435195	129851544.4815318	56296150.57532297
-55645491.27807609	129850950.92816858	56295893.31197692
-55647126.604660146	129850357.35719036	56295636.041081995
-55648761.923367284	129849763.7686058	56295378.762523934
-55650397.234220356	129849170.16240352	56295121.47630642
-55652032.53727741	129848576.53856182	56294864.18242194
-55653667.83231893	129847982.89712387	56294606.88098787
-55655303.119740255	129847389.23802379	56294349.571765825
-55656938.39907646	129846795.56132418	56294092.25507049
-55658573.67062782	129846201.86701839	56293834.93062066
-55660208.934381604	129845608.15507554	56293577.59850013
-55661844.19017956	129845014.42550822	56293320.25883604
-55663479.43812706	129844420.67830771	56293062.911544554
-55665114.67824386	129843826.91348925	56292805.556571335
-55666749.9104665	129843233.13109055	56292548.19389148
-55668385.1348688	129842639.33100687	56292290.82367394
-55670020.35138422	129842045.51331827	56292033.445799954
-55671655.560019106	129841451.67806238	56291776.06017628
-55673290.760873586	129840857.82512645	56291518.66696404
-55674925.953769475	129840263.95457582	56291261.266188644
-55676561.138872825	129839670.06640793	56291003.85769203
-55678196.316090405	129839076.16059591	56290746.441627935
-55679831.485425524	129838482.2372081	56290489.01783594
-55681466.64694855	129837888.29616177	56290231.5864369
-55683101.80056223	129837294.33752637	56289974.14736698
-55684736.946440086	129836700.36120626	56289716.70067534
-55686372.08436853	129836106.36730647	56289459.24633065
-55688007.21449285	129835512.35572664	56289201.7844209
-55689642.33668112	129834918.32659534	56288944.31477997
-55691277.45109801	129834324.27981289	56288686.8374748
-55692912.55769094	129833730.21540953	56288429.35248778
-55694547.65628913	129833136.13335133	56288171.86006602
-55696182.747062616	129832542.0337062	56287914.3598848
-55697817.8300622	129831947.91643862	56287656.85197578
-55699452.90517471	129831353.78151472	56287399.336528964
-55701087.97243889	129830759.62895608	56287141.81345622
-55702723.031864285	129830165.45881936	56286884.28261755
-55704358.08337758	129829571.27102521	56286626.74426845
-55705993.12712585	129828977.06558359	56286369.19824052
-55707628.16295425	129828382.84255901	56286111.64453787
-55709263.19093703	129827788.6019093	56285854.08318464
-55710898.21117994	129827194.3435863	56285596.51418722
-55712533.223445565	129826600.0676808	56285338.93757085
-55714168.22786664	129826005.7741769	56285081.353241235
-55715803.22451543	129825411.46296094	56284823.7613887
-55717438.21336869	129824817.13414058	56284566.16178821
-55719073.19420194	129824222.78773232	56284308.55462373
-55720708.16731288	129823628.42365976	56284050.93977674
-55722343.132493846	129823034.0420147	56283793.31724112
-55723978.08984553	129822439.64269757	56283535.687147155
-55725613.03935956	129821845.22577144	56283278.04935733
-55727247.98114096	129821250.791175	56283020.40390913
-55728882.914930694	129820656.33896273	56282762.750933334
-55730517.84096479	129820061.86915538	56282505.090148546
-55732152.75911005	129819467.38170163	56282247.42180483
-55733787.66941824	129818872.87660167	56281989.7458505
-55735422.57185465	129818278.35390002	56281732.062217474
-55737057.4664555	129817683.81356779	56281474.37093633
-55738692.35330013	129817089.25558878	56281216.67196589
-55740327.23212983	129816494.68003243	56280958.96540216
-55741962.10325338	129815900.08679035	56280701.25118958
-55743596.96656502	129815305.47593552	56280443.52926429
-55745231.82201599	129814710.84740235	56280185.7998259
-55746866.66953468	129814116.20133877	56279928.0626043
-55748501.50931963	129813521.53757931	56279670.31778447
-55750136.341171294	129812926.85621072	56279412.56536353
-55751771.16521968	129812332.15723158	56279154.80521654
-55753405.9814085	129811737.44055241	56278897.03760546
-55755040.789825335	129811142.70630445	56278639.26214092
-55756675.59031295	129810547.95441394	56278381.47914842
-55758310.38304068	129809953.1848754	56278123.688473284
-55759945.167842135	129809358.39774692	56277865.8901463
-55761579.944838	129808763.5929681	56277608.08418691
-55763214.71406766	129808168.77054827	56277350.27053507
-55764849.4753784	129807573.93049349	56277092.44932757
-55766484.228937715	129806979.07280149	56276834.62040417
-55768118.97456945	129806384.19751872	56276576.783832
-55769753.712425046	129805789.30456744	56276318.93964027
-55771388.44239885	129805194.39399306	56276061.08782916
-55773023.16464371	129804599.46576583	56275803.22831558
-55774657.878976434	129804004.51994136	56275545.36115288
-55776292.585415006	129803409.5564848	56275287.48640372
-55777927.28407197	129802814.57538377	56275029.60398504
-55779561.97481468	129802219.57667083	56274771.71395325
-55781196.657937214	129801624.56027128	56274513.81618908
-55782831.33308711	129801029.52628486	56274255.910811946
-55784466.000369534	129800434.47465374	56273997.99785079
-55786100.65988553	129799839.40539737	56273740.07716113
-55787735.31157672	129799244.31850635	56273482.14882179
-55789369.95545279	129798649.21395129	56273224.21289133
-55791004.591441736	129798054.09179278	56272966.26930136
-55792639.219504155	129797458.95202926	56272708.31809448
-55794273.83990742	129796863.79458302	56272450.35918489
-55795908.45238664	129796268.61952104	56272192.39268078
-55797543.057052	129795673.42686208	56271934.41842952
-55799177.653977446	129795078.21648753	56271676.4366313
-55800812.24296546	129794482.98855078	56271418.447128505
-55802446.82415474	129793887.7429531	56271160.450010926
-55804081.39750076	129793292.47971101	56270902.445285
-55805715.96307763	129792697.19885403	56270644.43280887
-55807350.520702995	129792101.90038498	56270386.412756845
-55808985.07063649	129791506.58424295	56270128.38501217
-55810619.612725385	129790911.25046116	56269870.34964935
-55812254.146898374	129790315.89907457	56269612.306658745
-55813888.67325464	129789720.5300435	56269354.256033584
-55815523.191811934	129789125.14338101	56269096.19772575
-55817157.70261683	129788529.73904376	56268838.131789416
-55818792.20558541	129787934.31708145	56268580.0581929
-55820426.70066788	129787338.87751548	56268321.976936415
-55822061.18789174	129786743.42033947	56268063.88800714
-55823695.66732961	129786147.94548532	56267805.79149044
-55825330.138946354	129785552.4529942	56267547.68732607
-55826964.602735676	129784956.94287568	56267289.57549811
-55828599.058602765	129784361.41515253	56267031.456048094
-55830233.50688152	129783765.86973378	56266773.32885466
-55831867.94711135	129783170.30674024	56266515.19409627
-55833502.379646264	129782574.72607209	56266257.051651835
-55835136.80425017	129781979.12779775	56265998.901597515
-55836771.221154585	129781383.51184537	56265740.74386965
-55838405.630110286	129780787.8782837	56265482.578556955
-55840040.03137729	129780192.22707997	56265224.40547664
-55841674.42477541	129779596.55823009	56264966.2248173
-55843308.810311906	129779000.87175947	56264708.03651306
-55844943.18807371	129778405.16763756	56264449.84054798
-55846577.557938084	129777809.44591038	56264191.63693798
-55848211.92008077	129777213.70651051	56263933.42566381
-55849846.274356864	129776617.9494852	56263675.20676022
-55851480.62077636	129776022.17482647	56263416.98023621
-55853114.9593726	129775426.38255481	56263158.74601104
-55854749.29025807	129774830.57258573	56262900.504168086
-55856383.61323152	129774234.74502036	56262642.25467379
-55858017.928416274	129773638.89981917	56262383.997496895
-55859652.2357456	129773043.03698674	56262125.73269316
-55861286.5353441	129772447.15646961	56261867.460262015
-55862920.827049464	129771851.25836551	56261609.18013941
-55864555.11089317	129771255.34258497	56261350.89250029
-55866189.38702969	129770659.40921086	56261092.5970002
-55867823.655229345	129770063.45818202	56260834.294008195
-55869457.91575506	129769467.48947749	56260575.9833116
-55871092.168363184	129768871.50316858	56260317.66498782
-55872726.4132359	129768275.49920368	56260059.3389752
-55874360.65017436	129767679.47762564	56259801.00537191
-55875994.879321024	129767083.43841715	56259542.66407693
-55877629.10071171	129766487.38154563	56259284.31512954
-55879263.31437125	129765891.30700435	56259025.95852064
-55880897.5200314	129765295.21488601	56258767.594302796
-55882531.71793099	129764699.10510802	56258509.22242944
-55884165.908041194	129764102.97767478	56258250.84291885
-55885800.09038933	129763506.83261916	56257992.45566809
-55887434.26487394	129762910.66990611	56257734.06085893
-55889068.43150746	129762314.48957609	56257475.65838541
-55890702.59033226	129761718.29160976	56257217.24825041
-55892336.74137418	129761122.07597116	56256958.830510974
-55893970.88463799	129760525.84270014	56256700.405070774
-55895605.02000997	129759929.59182172	56256441.97198453
-55897239.147621796	129759333.32327709	56256183.53125741
-55898873.26733248	129758737.03711493	56255925.08291698
-55900507.379329346	129758140.73330048	56255666.62685777
-55902141.48354851	129757544.41183238	56255408.16314583
-55903775.5798252	129756948.07274275	56255149.69187121
-55905409.66838233	129756351.71598624	56254891.2129166
-55907043.749065556	129755755.34162788	56254632.7262857
-55908677.82201559	129755158.94961628	56254374.23195718
-55910311.88709437	129754562.53996293	56254115.73004136
-55911945.944406204	129753966.11264646	56253857.22048439
-55913579.99388525	129753369.66769637	56253598.70328342
-55915214.03549464	129752773.20513484	56253340.17842382
-55916848.069376476	129752176.72492401	56253081.64585199
-55918482.09544746	129751580.22704336	56252823.10569789
-55920116.113698825	129750983.71155405	56252564.557828985
-55921750.124096274	129750387.17840576	56252306.00239547
-55923384.126724094	129749790.62763764	56252047.4392236
-55925018.12155321	129749194.05917425	56251788.86851589
-55926652.108602665	129748597.47311433	56251530.29002585
-55928286.087764345	129748000.8694012	56251271.70399136
-55929920.05912688	129747404.24807954	56251013.11022177
-55931554.022672154	129746807.60909498	56250754.508860275
-55933187.97844374	129746210.9524428	56250495.89987444
-55934821.92634739	129745614.27818234	56250237.28322101
-55936455.8665874	129745017.58624235	56249978.65886118
-55938089.79889749	129744420.87670425	56249720.02687184
-55939723.72343331	129743824.14949392	56249461.38726952
-55941357.64017838	129743227.40465227	56249202.73997608
-55942991.54908313	129742630.64216045	56248944.08508429
-55944625.450200215	129742033.86206096	56248685.42244353
-55946259.34356431	129741437.0642539	56248426.75225001
-55947893.22906208	129740840.24886039	56248168.07433694
-55949527.106751315	129740243.41580193	56247909.3888279
-55951160.976589255	129739646.56512325	56247650.6956625
-55952794.838709764	129739049.69680016	56247391.99476272
-55954428.69301781	129738452.81078549	56247133.286332615
-55956062.53945454	129737855.90718387	56246874.57018896
-55957696.37813169	129737258.98589915	56246615.84644276
-55959330.209021375	129736662.04700872	56246357.114942774
-55960964.032065265	129736065.09044242	56246098.375909075
-55962597.84731117	129735468.11626515	56245839.62914449
-55964231.65475047	129734871.12442248	56245580.87478306
-55965865.454382665	129734274.11494674	56245322.11275059
-55967499.24629667	129733677.0878108	56245063.34302133
-55969133.03030267	129733080.04304817	56244804.565706655
-55970766.8065047	129732482.98066466	56244545.78068986
-55972400.57498379	129731885.90058614	56244286.98806121
-55974034.335628726	129731288.80288258	56244028.18777013
-55975668.088460274	129730691.6875388	56243769.37983065
-55977301.83349757	129730094.55456494	56243510.56420053
-55978935.57073004	129729497.40392536	56243251.74097259
-55980569.30016545	129728900.23565562	56242992.91005676
-55982203.02176675	129728303.04975347	56242734.07149537
-55983836.73559692	129727705.84618095	56242475.22531333
-55985470.441641964	129727108.6249816	56242216.37142374
-55987104.13983902	129726511.38614614	56241957.50991104
-55988737.83025641	129725914.12963793	56241698.64079138
-55990371.51285326	129725316.85550733	56241439.763989575
-55992005.18768781	129724719.56371953	56241180.879527725
-55993638.85464809	129724122.25432146	56240921.98740907
-55995272.513882294	129723524.9272627	56240663.08760234
-55996906.16529702	129722927.58254005	56240404.180208094
-55998539.80893799	129722330.22015795	56240145.26517038
-56000173.44475592	129721732.8401653	56239886.3424256
-56001807.07269169	129721135.44255139	56239627.41205717
-56003440.69296344	129720538.0272381	56239368.47402817
-56005074.30531711	129719940.59432979	56239109.528350726
-56006707.909994945	129719343.14373079	56238850.5750044
-56008341.50677223	129718745.67550302	56238591.614070125
-56009975.09576612	129718148.18963923	56238332.645448014
-56011608.676992215	129717550.68613137	56238073.66914098
-56013242.2504063	129716953.16495079	56237814.68525898
-56014875.81609538	129716355.62614709	56237555.69360132
-56016509.37389008	129715758.06968963	56237296.69440723
-56018142.923903115	129715160.49560238	56237037.68750902
-56019776.46610054	129714562.90387727	56236778.67295899
-56021410.00049177	129713965.29450345	56236519.65077335
-56023043.52713619	129713367.66746944	56236260.62091895
-56024677.04597265	129712770.02280377	56236001.58339091
-56026310.5569827	129712172.3604673	56235742.53829788
-56027944.06024826	129711574.68049325	56235483.48548178
-56029577.55569937	129710976.98287986	56235224.42501631
-56031211.04329214	129710379.26763062	56234965.356936865
-56032844.52316481	129709781.5347156	56234706.28117511
-56034477.99523073	129709183.78414871	56234447.197785445
-56036111.45946208	129708586.01597908	56234188.10668164
-56037744.91590936	129707988.23012441	56233929.0080037
-56039378.36462278	129707390.42661914	56233669.901621886
-56041011.80541303	129706792.6054957	56233410.78765021
-56042645.23853375	129706194.76672886	56233151.665894
-56044278.66381796	129705596.9102822	56232892.53660375
-56045912.0812288	129704999.03624368	56232633.39961306
-56047545.4909265	129704401.14451769	56232374.25498302
-56049178.89280811	129703803.2351369	56232115.102740765
-56050812.286901616	129703205.30814262	56231855.94276309
-56052445.67318424	129702607.36348683	56231596.77518376
-56054079.05170995	129702009.40117739	56231337.59993041
-56055712.42243057	129701411.42122583	56231078.41702455
-56057345.78533259	129700813.42362876	56230819.22648761
-56058979.140478715	129700215.408365	56230560.02830572
-56060612.48775933	129699617.37548178	56230300.822479516
-56062245.82724703	129699019.32496852	56230041.60896087
-56063879.15897035	129698421.25677961	56229782.38782649
-56065512.48300857	129697823.17090163	56229523.15902824
-56067145.799080275	129697225.06745099	56229263.922578126
-56068779.10742266	129696626.94633956	56229004.678443275
-56070412.4080254	129696028.80755092	56228745.42667135
-56072045.70074449	129695430.65115765	56228486.1672391
-56073678.98574347	129694832.4770732	56228226.900182664
-56075312.262879185	129694234.28538541	56227967.625442155
-56076945.532262884	129693636.07600434	56227708.34311417
-56078578.79390745	129693037.8489836	56227449.05306234
-56080212.04771336	129692439.60432957	56227189.75537089
-56081845.29365688	129691841.3420549	56226930.450034745
-56083478.53193085	129691243.06209569	56226671.13700861
-56085111.762338616	129690644.7644926	56226411.816394955
-56086744.98493134	129690046.4492473	56226152.488138825
-56088378.19978538	129689448.11637206	56225893.152135804
-56090011.4068462	129688849.76580577	56225633.80858112
-56091644.60609156	129688251.39763916	56225374.45728789
-56093277.79756985	129687653.01178381	56225115.098411486
-56094910.98121414	129687054.60832144	56224855.73183036
-56096544.15710318	129686456.18719015	56224596.35760892
-56098177.32515809	129685857.74841696	56224336.97576303
-56099810.48551896	129685259.29196428	56224077.58624025
-56101443.637974285	129684660.81791285	56223818.18906482
-56103076.78264886	129684062.32619001	56223558.784279905
-56104709.919609904	129683463.81679602	56223299.37181819
-56106343.0487363	129682865.28979065	56223039.95166242
-56107976.17013599	129682266.7451073	56222780.523858234
-56109609.28363627	129681668.18280265	56222521.08844749
-56111242.38940031	129681069.60283099	56222261.64537287
-56112875.487362154	129680471.00524051	56222002.19458876
-56114508.57752485	129679872.38998458	56221742.73619994
-56116141.65991363	129679273.75706448	56221483.270178095
-56117774.73452653	129678675.10652535	56221223.796421275
-56119407.80128801	129678076.43831235	56220964.31513097
-56121040.860340595	129677477.75245145	56220704.826105535
-56122673.91160608	129676879.04896824	56220445.329363324
-56124306.95496715	129676280.32782015	56220185.8251203
-56125939.990648374	129675681.58902119	56219926.313119456
-56127573.018519044	129675082.83257511	56219666.79348295
-56129206.038614556	129674484.05846328	56219407.266218215
-56130839.05090793	129673885.26672588	56219147.73125964
-56132472.05534176	129673286.45733841	56218888.1887209
-56134105.052098304	129672687.63028997	56218628.63844508
-56135738.04097873	129672088.78559878	56218369.08058907
-56137371.02213747	129671489.92326255	56218109.51500372
-56139003.99542299	129670891.04327561	56217849.94185309
-56140636.960970074	129670292.14566067	56217590.36095078
-56142269.91877044	129669693.23035263	56217330.77245479
-56143902.86873186	129669094.29741308	56217071.17631536
-56145535.810926765	129668495.34683558	56216811.57247473
-56147168.74532881	129667896.37859811	56216551.96101043
-56148801.67188597	129667297.3927208	56216292.34192756
-56150434.590725824	129666698.38919191	56216032.71512585
-56152067.501773484	129666099.36801031	56215773.08068293
-56153700.405006744	129665500.32918333	56215513.43860382
-56155333.300464965	129664901.27269413	56215253.78888818
-56156966.188104756	129664302.19858177	56214994.131489225
-56158599.06801298	129663703.1068034	56214734.466418914
-56160231.940129235	129663103.99735305	56214474.79375164
-56161864.80440928	129662504.87029244	56214215.113388814
-56163497.66089584	129661905.72556795	56213955.425411575
-56165130.50965869	129661306.56318586	56213695.729735896
-56166763.35060934	129660707.38316391	56213436.02640897
-56168396.18374681	129660108.18549418	56213176.3154503
-56170029.00909632	129659508.97019015	56212916.59680357
-56171661.8267091	129658909.73719683	56212656.87054422
-56173294.63649834	129658310.48656751	56212397.13663606
-56174927.43848613	129657711.21830663	56212137.39504705
-56176560.232733116	129657111.93236667	56211877.645825915
-56178193.01914127	129656512.62881012	56211617.888926595
-56179825.79777307	129655913.30759835	56211358.124375716
-56181458.568693556	129655313.96871598	56211098.3521437
-56183091.331778064	129654714.61218403	56210838.57230665
-56184724.0870427	129654115.2380136	56210578.78482294
-56186356.834508866	129653515.846206	56210318.98966826
-56187989.57422711	129652916.43673189	56210059.18685924
-56189622.30616069	129652317.0096136	56209799.37638172
-56191255.03031466	129651717.5648321	56209539.55827422
-56192887.74669504	129651118.10242034	56209279.7324546
-56194520.45526021	129650518.62234302	56209019.899046235
-56196153.15601859	129649919.12462573	56208760.057981305
-56197785.84901412	129649319.60926098	56208500.20923336
-56199418.53423724	129648720.0762415	56208240.35282868
-56201051.21170415	129648120.5255685	56207980.48874823
-56202683.881261975	129647520.95725177	56207720.61712215
-56204316.54315435	129646921.37127993	56207460.73773335
-56205949.19727713	129646321.76764372	56207200.85070712
-56207581.84355858	129645722.14637007	56206940.95605315
-56209214.48202844	129645122.5074533	56206681.05375472
-56210847.11274506	129644522.85088068	56206421.143782824
-56212479.73572331	129643923.17664483	56206161.22613968
-56214112.35083552	129643323.4847864	56205901.3008594
-56215744.95818586	129642723.77527161	56205641.36791517
-56217377.55778119	129642124.04807906	56205381.427349865
-56219010.149573706	129641524.30327578	56205121.4790567
-56220642.733578734	129640924.54077168	56204861.523227856
-56222275.309816234	129640324.76064979	56204601.55965216
-56223907.878217734	129639724.96288614	56204341.58845313
-56225540.43888309	129639125.14744692	56204081.60960897
-56227172.991775215	129638525.31435327	56203821.62310798
-56228805.53688556	129637925.46364976	56203561.62885601
-56230438.07417273	129637325.59526937	56203301.627048925
-56232070.60368918	129636725.70923659	56203041.61757783
-56233703.125397824	129636125.8055581	56202781.60046423
-56235335.63934461	129635525.8842203	56202521.575693734
-56236968.14555603	129634925.94522592	56202261.54323345
-56238600.64388049	129634325.98862413	56202001.50312161
-56240233.13450552	129633726.01431061	56201741.455410965
-56241865.61730517	129633126.02238546	56201481.39999704
-56243498.09231974	129632526.01281504	56201221.33691699
-56245130.559558	129631925.9855915	56200961.26618009
-56246763.01901894	129631325.94069095	56200701.18784232
-56248395.47073977	129630725.87814084	56200441.10180325
-56250027.91461872	129630125.79795583	56200181.00813092
-56251660.35071333	129629525.70013212	56199920.90677622
-56253292.7790589	129628925.58462046	56199660.79781784
-56254925.19956344	129628325.45147955	56199400.681212164
-56256557.612300985	129627725.30070461	56199140.55689624
-56258190.01732456	129627125.13224162	56198880.42494167
-56259822.41450985	129626524.94616315	56198620.28530513
-56261454.80392235	129625924.742405	56198360.13806939
-56263087.18556246	129625324.52097009	56198099.983227186
-56264719.559342735	129624724.2819849	56197839.82057438
-56266351.92545132	129624124.0252635	56197579.65035157
-56267984.28367443	129623523.75092417	56197319.47249981
-56269616.6341719	129622923.45892067	56197059.28696571
-56271248.97686918	129622323.14926642	56196799.09379315
-56272881.311806254	129621722.82196091	56196538.89294281
-56274513.638965294	129621122.47700407	56196278.684433304
-56276145.95828723	129620522.11439651	56196018.468321934
-56277778.26988417	129619921.73414728	56195758.24447577
-56279410.57369272	129619321.33622628	56195498.01302745
-56281042.86970175	129618720.92067501	56195237.77389268
-56282675.157861665	129618120.48745862	56194977.52720121
-56284307.43832408	129617520.03662294	56194717.27269573
-56285939.71100066	129616919.56809494	56194457.01063314
-56287571.97591909	129616319.08192258	56194196.74087492
-56289204.232978076	129615718.57812305	56193936.46348282
-56290836.48226263	129615118.0566597	56193676.17845634
-56292468.723788954	129614517.51755689	56193415.885723084
-56294100.957552806	129613916.96075484	56193155.58542519
-56295733.18350633	129613316.38634062	56192895.27740953
-56297365.401725814	129612715.79424432	56192634.96176143
-56298997.61210837	129612115.18453552	56192374.63842287
-56300629.81472618	129611514.55716167	56192114.30744292
-56302262.00956538	129610913.91210738	56191853.96887103
-56303894.19658446	129610313.24945088	56191593.62256834
-56305526.375878304	129609712.56910354	56191333.26864418
-56307158.547374666	129609111.8711239	56191072.90703612
-56308790.71104016	129608511.15550762	56190812.53778701
-56310422.86699191	129607910.42221408	56190552.16087385
-56312055.01509961	129607309.67128105	56190291.77633964
-56313687.15549217	129606708.90267222	56190031.384139076
-56315319.28805443	129606108.11642767	56189770.98429512
-56316951.41282572	129605507.3125661	56189510.57672525
-56318583.529879734	129604906.49100271	56189250.16155133
-56320215.63906906	129604305.65180306	56188989.73876951
-56321847.740505114	129603704.79496315	56188729.308277294
-56323479.834176786	129603103.92046487	56188468.870127946
-56325111.92008374	129602503.0283132	56188208.42431045
-56326743.99821157	129601902.1184864	56187947.97088885
-56328376.06854383	129601301.19103757	56187687.509757325
-56330008.13106753	129600700.24591602	56187427.04104596
-56331640.18578261	129600099.28319909	56187166.56457637
-56333272.232747234	129599498.30277364	56186906.08055079
-56334904.27194048	129598897.30470824	56186645.5888328
-56336536.30332636	129598296.28900099	56186385.0894623
-56338168.326958746	129597695.25564475	56186124.5824017
-56339800.342822894	129597094.20462224	56185864.06770593
-56341432.350832954	129596493.13594308	56185603.545438565
-56343064.35111964	129595892.0496399	56185343.01539363
-56344696.34364816	129595290.94564995	56185082.47775054
-56346328.32836558	129594689.8240217	56184821.93245035
-56347960.30526423	129594088.68475945	56184561.37949116
-56349592.27444106	129593487.52782407	56184300.81886578
-56351224.2358424	129592886.35324155	56184040.25056819
-56352856.18941684	129592285.16101532	56183779.67464199
-56354488.13515582	129591683.95113789	56183519.091113046
-56356120.07322322	129591082.72361241	56183258.49980945
-56357752.003457464	129590481.47840945	56182997.900961615
-56359383.92592062	129589880.21557243	56182737.294406824
-56361015.84059034	129589278.93507351	56182476.68023171
-56362647.74753004	129588677.63691618	56182216.05836465
-56364279.64662083	129588076.32113968	56181955.42883443
-56365911.537957005	129587474.98769478	56181694.79165988
-56367543.4215006	129586873.63659146	56181434.14685618
-56369175.29726809	129586272.2678458	56181173.4943696
-56370807.165242754	129585670.88143526	56180912.83426883
-56372439.02547	129585069.47738855	56180652.166442245
-56374070.8779129	129584468.05566595	56180391.49101842
-56375702.7225587	129583866.61632669	56180130.80787349
-56377334.55940024	129583265.15929514	56179870.11718906
-56378966.38853864	129582663.68462765	56179609.41873389
-56380598.20976054	129582062.19233595	56179348.71269491
-56382230.02327638	129581460.68236126	56179087.99899612
-56383861.82901283	129580859.15473454	56178827.27764027
-56385493.627005056	129580257.6094635	56178566.54857394
-56387125.41711716	129579656.04656179	56178305.81190201
-56388757.19956348	129579054.46595153	56178045.067589276
-56390388.9741817	129578452.86772309	56177784.315589964
-56392020.740979165	129577851.25186493	56177523.55592323
-56393652.5000209	129577249.61832602	56177262.78864151
-56395284.251258515	129576647.96715586	56177002.01367953
-56396915.99474237	129576046.29830772	56176741.23109403
-56398547.73045418	129575444.61182994	56176480.44079232
-56400179.45837831	129574842.90767604	56176219.64289674
-56401811.17848673	129574241.18589133	56175958.83733145
-56403442.890901834	129573639.44642344	56175698.024093956
-56405074.595416866	129573037.68935205	56175437.20320836
-56406706.29220165	129572435.91458991	56175176.3747052
-56408337.981291145	129571834.12217365	56174915.53846482
-56409969.66246664	129571232.31214902	56174654.694601566
-56411601.33590201	129570630.48443696	56174393.843122765
-56413233.0015381	129570028.63908403	56174132.98398065
-56414864.65946899	129569426.7760722	56173872.11712261
-56416496.3095592	129568824.89541201	56173611.24265985
-56418127.951856546	129568222.99710721	56173350.36053597
-56419759.58638401	129567621.08113803	56173089.4707735
-56421391.21315748	129567019.14752255	56172828.57331438
-56423022.83212544	129566417.19625366	56172567.668227315
-56424654.4432979	129565815.22731707	56172306.75553495
-56426286.04676444	129565213.24074663	56172045.83506914
-56427917.64233882	129564611.23653422	56171784.90703583
-56429549.2302159	129564009.21465	56171523.97130782
-56431180.810258165	129563407.17510988	56171263.02798682
-56432812.38254657	129562805.11792968	56171002.07695497
-56434443.94702237	129562203.04309906	56170741.11829505
-56436075.5037517	129561600.95062234	56170480.151930526
-56437707.05269084	129560998.84048101	56170219.17794808
-56439338.593850136	129560396.71267971	56169958.19632694
-56440970.127198085	129559794.56725317	56169697.20701807
-56442601.65278005	129559192.40416504	56169436.21006025
-56444233.170625255	129558590.22339797	56169175.2054635
-56445864.68064304	129557988.02499144	56168914.193228304
-56447496.18289705	129557385.808956	56168653.1732665
-56449127.67731941	129556783.57526246	56168392.145713225
-56450759.16403753	129556181.3238964	56168131.11047385
-56452390.642944895	129555579.05487643	56167870.067612246
-56454022.11403276	129554976.76823574	56167609.01706119
-56455653.57738311	129554374.46391656	56167347.958871126
-56457285.03295627	129553772.14195277	56167086.89300371
-56458916.48071667	129553169.80233085	56166825.819526024
-56460547.92070576	129552567.44507673	56166564.73833652
-56462179.35293503	129551965.0701459	56166303.64952633
-56463810.77733023	129551362.67759256	56166042.553045176
-56465442.194003485	129550760.26733729	56165781.44896322
-56467073.602884464	129550157.8394457	56165520.33719994
-56468705.00390147	129549555.39394967	56165259.217753924
-56470336.39721767	129548952.93075852	56164998.09067051
-56471967.782684244	129548350.44993831	56164736.95594658
-56473599.16045089	129547747.95143826	56164475.81354906
-56475230.530433975	129547145.4353014	56164214.66346239
-56476861.89259767	129546542.90150326	56163953.50577913
-56478493.24692067	129545940.3500853	56163692.34042512
-56480124.5935502	129545337.78097427	56163431.16742145
-56481755.93236647	129544735.19424438	56163169.98671703
-56483387.26345746	129544132.58981517	56162908.79840925
-56485018.58667864	129543529.96778738	56162647.60241104
-56486649.90211306	129542927.32810766	56162386.39876185
-56488281.20983192	129542324.67073295	56162125.18748913
-56489912.50974056	129541721.99570969	56161863.968581334
-56491543.80183247	129541119.30308536	56161602.74193539
-56493175.086190395	129540516.59275787	56161341.50770361
-56494806.36275588	129539913.86480238	56161080.26577131
-56496437.63156912	129539311.11918421	56160819.016177885
-56498068.892496176	129538708.35594174	56160557.75896965
-56499700.14572388	129538105.57500175	56160296.494127646
-56501331.39117555	129537502.77643335	56160035.22156945
-56502962.62883173	129536899.96020146	56159773.94139575
-56504593.85868077	129536297.12632807	56159512.65356722
-56506225.080765	129535694.27480856	56159251.358052075
-56507856.295059785	129535091.40562977	56158990.05490558
-56509487.50153064	129534488.5188065	56158728.74412793
-56511118.70027138	129533885.6143297	56158467.425645865
-56512749.89122843	129533282.69219188	56158206.09953048
-56514381.07440681	129532679.75240192	56157944.76575623
-56516012.24977113	129532076.79497518	56157683.424323305
-56517643.41734009	129531473.81989095	56157422.07526075
-56519274.577172995	129530870.82714355	56157160.71852158
-56520905.72922099	129530267.81674765	56156899.35412161
-56522536.873441525	129529664.7886971	56156637.98211756
-56524168.009978116	129529061.74300732	56156376.60232957
-56525799.13861397	129528458.67966168	56156115.21501381
-56527430.259524725	129527855.59865077	56155853.82001543
-56529061.37263392	129527252.50000435	56155592.41734289
-56530692.477947496	129526649.38370293	56155331.00703484
-56532323.57548975	129526046.24974698	56155069.58906593
-56533954.66526726	129525443.09814453	56154808.163411126
-56535585.74725121	129524839.928882	56154546.73013036
-56537216.82143291	129524236.74197741	56154285.28919104
-56538847.887923025	129523633.53738874	56154023.840578884
-56540478.94650276	129523030.31517813	56153762.38437033
-56542109.997364655	129522427.07532392	56153500.9204218
-56543741.040407464	129521823.81778914	56153239.44892054
-56545372.07568401	129521220.54263753	56152977.969666176
-56547003.103215724	129520617.24980636	56152716.48278169
-56548634.12291766	129520013.93932757	56152454.988279134
-56550265.13486653	129519410.61119282	56152193.48610037
-56551896.139005356	129518807.26542114	56151931.9762592
-56553527.13531777	129518203.90199949	56151670.45880161
-56555158.12392543	129517600.52092652	56151408.93360856
-56556789.104725786	129516997.1221805	56151147.40083328
-56558420.07775291	129516393.70579302	56150885.860368736
-56560051.0429454	129515790.27176419	56150624.312276356
-56561682.000361726	129515186.82007943	56150362.756530866
-56563312.95003827	129514583.35074107	56150101.1930904
-56564943.89193109	129513979.86375986	56149839.62197427
-56566574.82603079	129513376.35909954	56149578.043275446
-56568205.75230413	129512772.83680676	56149316.4569201
-56569836.670825265	129512169.29686242	56149054.862877496
-56571467.58159044	129511565.73926297	56148793.2611592
-56573098.48454031	129510962.16401221	56148531.651816525
-56574729.37968825	129510358.57111426	56148270.03482667
-56576360.267097645	129509754.96056022	56148008.41014585
-56577991.14666622	129509151.33236519	56147746.777842656
-56579622.018498205	129508547.68650666	56147485.13786371
-56581252.88251945	129507944.02298845	56147223.4902752
-56582883.73875183	129507340.3418286	56146961.835013136
-56584514.58722171	129506736.64302714	56146700.17205114
-56586145.427876055	129506132.92657124	56146438.50147211
-56587776.26078763	129505529.19243987	56146176.82325108
-56589407.08587299	129504925.44069114	56145915.137338184
-56591037.90319053	129504321.67128351	56145653.44377047
-56592668.712688126	129503717.88422097	56145391.742591135
-56594299.51448301	129503114.07949631	56145130.033698775
-56595930.308377996	129502510.25712408	56144868.31725847
-56597561.094579436	129501906.4171122	56144606.5930438
-56599191.87303021	129501302.55942903	56144344.86118545
-56600822.64358972	129500698.68411073	56144083.121741734
-56602453.40638666	129500094.79113697	56143821.374630086
-56604084.16147179	129499490.88050543	56143559.619804054
-56605714.90870414	129498886.95223421	56143297.85736459
-56607345.64817018	129498283.00629771	56143036.08728311
-56608976.3798318	129497679.0427189	56142774.30954521
-56610607.10372459	129497075.06148231	56142512.52415075
-56612237.819855526	129496471.06258413	56142250.73110134
-56613868.52814275	129495867.04608059	56141988.930349804
-56615499.228707395	129495263.01187918	56141727.12198748
-56617129.92142042	129494658.96005113	56141465.30597998
-56618760.60643689	129494054.89054744	56141203.48228426
-56620391.28356416	129493450.80341826	56140941.65097861
-56622021.95296173	129492846.69863327	56140679.81197215
-56623652.61457715	129492242.57619703	56140417.965307385
-56625283.2683903	129491638.43609212	56140156.11104483
-56626913.91446413	129491034.27833709	56139894.24907803
-56628544.55266286	129490430.10296471	56139632.379468106
-56630175.183143	129489825.90992135	56139370.50218135
-56631805.80580888	129489221.69921763	56139108.6172894
-56633436.42070759	129488617.47086398	56138846.724720895
-56635067.02779518	129488013.22487469	56138584.824487045
-56636697.627109714	129487408.96123718	56138322.91657855
-56638328.21862579	129486804.67993647	56138061.0010556
-56639958.802369885	129486200.38097759	56137799.07787977
-56641589.37829886	129485596.0643832	56137537.147042334
-56643219.94648683	129484991.73012501	56137275.20853378
-56644850.50686695	129484387.37821633	56137013.26239072
-56646481.05945255	129483783.00866789	56136751.30857512
-56648111.60425411	129483178.62145703	56136489.34712852
-56649742.141257815	129482574.21660164	56136227.37802381
-56651372.67053331	129481969.79408991	56135965.40121747
-56653003.1919636	129481365.3539136	56135703.41684694
-56654633.70560399	129480760.89613143	56135441.42472126
-56656264.21144242	129480156.4206711	56135179.42501844
-56657894.709528714	129479551.9275681	56134917.417607136
-56659525.199858665	129478947.41678357	56134655.402580656
-56661155.6823487	129478342.8883858	56134393.37986602
-56662786.15709053	129477738.34231721	56134131.34950385
-56664416.62399694	129477133.77860299	56133869.31152334
-56666047.0831515	129476529.1972249	56133607.26588275
-56667677.534466326	129475924.59824733	56133345.21252217
-56669307.97806963	129475319.98156731	56133083.15154947
-56670938.41384871	129474715.3472362	56132821.08295996
-56672568.8418402	129474110.69526902	56132559.00668232
-56674199.262045525	129473506.02565812	56132296.922732405
-56675829.67447017	129472901.33839476	56132034.8311247
-56677460.07906676	129472296.63347907	56131772.73190717
-56679090.4758953	129471691.91089942	56131510.625045724
-56680720.86492303	129471087.17070001	56131248.5104716
-56682351.24619006	129470482.41282803	56130986.388266064
-56683981.61970358	129469877.63728577	56130724.25841652
-56685611.985361844	129469272.84413354	56130462.12088664
-56687242.343275934	129468668.03330919	56130199.975707464
-56688872.69336794	129468063.20485581	56129937.82285849
-56690503.035706766	129467458.35869756	56129675.66244465
-56692133.37025236	129466853.49492753	56129413.494292185
-56693763.6969792	129466248.61351784	56129151.31849092
-56695394.01589592	129465643.71444793	56128889.13507937
-56697024.32709059	129465038.79771611	56128626.94397291
-56698654.63045865	129464433.86333883	56128364.745238595
-56700284.92598197	129463828.91133241	56128102.53885749
-56701915.21380107	129463223.94165163	56127840.32479183
-56703545.49380673	129462618.95432726	56127578.10308093
-56705175.76600431	129462013.9493624	56127315.873712406
-56706806.03041646	129461408.92675605	56127053.63666535
-56708436.287061505	129460803.88645506	56126791.39204406
-56710066.53590465	129460198.82853411	56126529.13971118
-56711696.776969336	129459593.75296873	56126266.879699804
-56713327.01022125	129458988.65973607	56126004.61209697
-56714957.2356762	129458383.54887234	56125742.33680348
-56716587.45337948	129457778.4203433	56125480.053852275
-56718217.66327449	129457173.27416986	56125217.76325224
-56719847.86535634	129456568.11033474	56124955.465048425
-56721478.059683725	129455962.92886783	56124693.15911242
-56723108.246213235	129455357.72974975	56124430.84553282
-56724738.42494985	129454752.51296854	56124168.52433194
-56726368.59588154	129454147.27854827	56123906.19546674
-56727998.75905329	129453542.02645808	56123643.85896281
-56729628.91441276	129452936.75674236	56123381.51477047
-56731259.06195229	129452331.46938062	56123119.162944995
-56732889.201729886	129451726.164364	56122856.8034481
-56734519.33369851	129451120.84169869	56122594.43631281
-56736149.45793572	129450515.50135693	56122332.06152488
-56737779.57430361	129449910.1433899	56122069.67910566
-56739409.682940595	129449304.7677715	56121807.28897558
-56741039.783762656	129448699.37451147	56121544.89119687
-56742669.876749374	129448093.96359424	56121282.485825986
-56744299.96198801	129447488.53501827	56121020.0727786
-56745930.039504476	129446883.08879045	56120757.65201218
-56747560.10908761	129446277.62492983	56120495.22369658
-56749190.17095683	129445672.14340949	56120232.78767201
-56750820.22503585	129445066.64422998	56119970.34401398
-56752450.27135252	129444461.12741473	56119707.89264077
-56754080.309786715	129443855.59295854	56119445.43368548
-56755710.34050947	129443250.04083109	56119182.96704529
-56757340.36340262	129442644.47106838	56118920.49275654
-56758970.37848768	129442038.88366386	56118658.01081239
-56760600.3858446	129441433.27858357	56118395.52121063
-56762230.38534475	129440827.65588349	56118133.02395203
-56763860.37711517	129440222.01551917	56117870.51901061
-56765490.36103713	129439616.35750876	56117608.0064646
-56767120.33718452	129439010.68185148	56117345.486241125
-56768750.30555835	129438404.98852564	56117082.95838899
-56770380.26609499	129437799.27757141	56116820.42287999
-56772010.2188747	129437193.5489662	56116557.879685104
-56773640.16385735	129436587.80270056	56116295.32886671
-56775270.101018436	129435982.0388018	56116032.7703863
-56776900.03039864	129435376.25724505	56115770.20426046
-56778529.95199815	129434770.45803736	56115507.63047249
-56780159.865797125	129434164.64118087	56115245.04903754
-56781789.77185589	129433558.80666745	56114982.4599135
-56783419.670057446	129432952.9545284	56114719.86314626
-56785049.560459785	129432347.0847262	56114457.25876372
-56786679.44306107	129431741.19727832	56114194.64672755
-56788309.31791994	129431135.29217726	56113932.02699574
-56789939.18496189	129430529.36942074	56113669.39964878
-56791569.04420662	129429923.42903332	56113406.76460999
-56793198.895683505	129429317.47098279	56113144.12192413
-56794828.73931837	129428711.4952972	56112881.47160153
-56796458.575189605	129428105.50196022	56112618.81360037
-56798088.40325465	129427499.49096607	56112356.14797708
-56799718.22352736	129426893.46232525	56112093.474693604
-56801348.03601452	129426287.41603528	56111830.79374836
-56802977.84070318	129425681.35209063	56111568.105167694
-56804607.63764293	129425075.27049157	56111305.40890033
-56806237.42672117	129424469.17127167	56111042.70498315
-56807867.20797814	129423863.05439684	56110779.99345377
-56809496.981504746	129423256.91986173	56110517.274232686
-56811126.74719969	129422650.76769476	56110254.547356784
-56812756.5051202	129422044.59786524	56109991.812838756
-56814386.25524176	129421438.41038747	56109729.07067063
-56816015.99757851	129420832.20526096	56109466.32083922
-56817645.7320673	129420225.98249055	56109203.56339718
-56819275.45881431	129419619.74207172	56108940.79824743
-56820905.177770555	129419013.48397902	56108678.025498174
-56822534.88890557	129418407.20827462	56108415.245037
-56824164.59222897	129417800.91491969	56108152.45694368
-56825794.287796356	129417194.6039033	56107889.66118716
-56827423.97552378	129416588.27524099	56107626.857816465
-56829053.6554898	129415981.9289223	56107364.04677604
-56830683.32767789	129415375.56495255	56107101.228070736
-56832312.99206159	129414769.18334652	56106838.40169279
-56833942.648579635	129414162.7840981	56106575.567718714
-56835572.29738194	129413556.3671951	56106312.72602443
-56837201.93836743	129412949.93263958	56106049.87670785
-56838831.57153157	129412343.48044184	56105787.01974948
-56840461.19691027	129411737.01059052	56105524.1551393
-56842090.814494565	129411130.5231042	56105261.28284372
-56843720.42425747	129410524.01796661	56104998.40292733
-56845350.02622834	129409917.49518238	56104735.515349634
-56846979.62047667	129409310.95472541	56104472.62010054
-56848609.206849456	129408704.39664434	56104209.71722302
-56850238.78544195	129408097.82091144	56103946.806684166
-56851868.35627918	129407491.22752357	56103683.888466194
-56853497.91924571	129406884.61650795	56103420.96262292
-56855127.47446855	129406277.98782739	56103158.02911171
-56856757.02184218	129405671.34150216	56102895.08799254
-56858386.56147821	129405064.6775355	56102632.13914479
-56860016.093284726	129404457.99592118	56102369.18267614
-56861645.61728807	129403851.29663652	56102106.21861195
-56863275.133508496	129403244.57972683	56101843.24682754
-56864904.641894504	129402637.84517157	56101580.26742223
-56866534.14252006	129402031.09297009	56101317.28032234
-56868163.63532226	129401424.3231114	56101054.28561726
-56869793.12035197	129400817.53561041	56100791.28322097
-56871422.59755808	129400210.73045222	56100528.27321946
-56873052.067013115	129399603.90765205	56100265.25550435
-56874681.528635584	129398997.06720197	56100002.230176225
-56876310.98244801	129398390.20910813	56099739.19719835
-56877940.42845396	129397783.33338182	56099476.15654083
-56879569.86671146	129397176.43997727	56099213.10825052
-56881199.29714115	129396569.52893655	56098950.0523107
-56882828.71975497	129395962.6002668	56098686.98869291
-56884458.13456535	129395355.65393935	56098423.91745061
-56886087.54160458	129394748.68995717	56098160.83854429
-56887716.940793835	129394141.70834778	56097897.7519902
-56889346.33223942	129393534.70907567	56097634.6577625
-56890975.71586338	129392927.69215038	56097371.55591828
-56892605.091676	129392320.6576035	56097108.446374275
-56894234.45970305	129391713.6053951	56096845.32919626
-56895863.81993571	129391106.53552702	56096582.20438892
-56897493.172343194	129390499.44802906	56096319.07191488
-56899122.51696102	129389892.34287891	56096055.931789584
-56900751.85380388	129389285.22007465	56095792.78400215
-56902381.182826966	129388678.07962476	56095529.62857922
-56904010.50402664	129388070.92154191	56095266.465494454
-56905639.817474425	129387463.74580176	56095003.294731796
-56907269.12306573	129386856.55241966	56094740.11636192
-56908898.420891166	129386249.3413937	56094476.93029724
-56910527.71088202	129385642.11272767	56094213.7365988
-56912156.99311404	129385034.86639439	56093950.535252154
-56913786.26750802	129384427.60241987	56093687.32627794
-56915415.53415377	129383820.32080507	56093424.1095827
-56917044.7929716	129383213.0215345	56093160.885283016
-56918674.04393935	129382605.70464799	56092897.65330951
-56920303.287141606	129381998.3700764	56092634.41373567
-56921932.52256434	129381391.01787876	56092371.16643979
-56923561.7501598	129380783.64803176	56092107.91152395
-56925190.96993668	129380176.26053756	56091844.648974165
-56926820.18192884	129379568.85539813	56091581.37875186
-56928449.386159286	129378961.4326087	56091318.10084453
-56930078.58253551	129378353.99217293	56091054.815337375
-56931707.77111418	129377746.53410147	56090791.52214859
-56933336.95186311	129377139.05838233	56090528.22133819
-56934966.12485686	129376531.56500565	56090264.91285366
-56936595.290042005	129375924.05397871	56090001.59673209
-56938224.44742255	129375316.52532099	56089738.2729245
-56939853.59697281	129374708.97903107	56089474.941460274
-56941482.73874885	129374101.4150739	56089211.602363296
-56943111.87271016	129373493.8334672	56088948.25563395
-56944740.9988776	129372886.23422165	56088684.901226334
-56946370.11724786	129372278.61732398	56088421.53917404
-56947999.22772283	129371670.9828009	56088158.169515684
-56949628.33049383	129371063.33063245	56087894.79210263
-56951257.425469555	129370455.66078614	56087631.40710249
-56952886.512563534	129369847.97332142	56087368.01446595
-56954515.59189795	129369240.26821002	56087104.61413447
-56956144.663454145	129368632.5454232	56086841.206192926
-56957773.727175996	129368024.80502546	56086577.79054957
-56959402.78307682	129367417.04696839	56086314.36730254
-56961031.831203066	129366809.27127293	56086050.93635634
-56962660.871482335	129366201.47793022	56085787.497805096
-56964289.904011436	129365593.666933	56085524.051566735
-56965918.9286881	129364985.83829625	56085260.59771121
-56967547.9455945	129364377.992021	56084997.13615223
-56969176.95469552	129363770.128077	56084733.66699535
-56970805.955959134	129363162.24652062	56084470.19014304
-56972434.94943735	129362554.34729576	56084206.70567163
-56974063.935101286	129361946.43043806	56083943.21352873
-56975692.91293126	129361338.49594295	56083679.71374457
-56977321.88303243	129360730.54377025	56083416.2063049
-56978950.84528399	129360122.57397732	56083152.691200174
-56980579.7997016	129359514.58654828	56082889.168451145
-56982208.746353425	129358906.58145139	56082625.63806187
-56983837.68520664	129358298.55871066	56082362.1000102
-56985466.61619163	129357690.51834488	56082098.554323435
-56987095.53943655	129357082.46031874	56081835.00095311
-56988724.45482023	129356474.38465533	56081571.439968474
-56990353.36239852	129355866.291353	56081307.8713171
-56991982.2622371	129355258.1803815	56081044.295001596
-56993611.15421214	129354650.05179647	56080780.711019844
-56995240.0384106	129354041.90554167	56080517.11941276
-56996868.91476072	129353433.74165638	56080253.52016312
-56998497.783359565	129352825.56011012	56079989.91324207
-57000126.64410593	129352217.36093958	56079726.29866816
-57001755.49702743	129351609.14412695	56079462.676454425
-57003384.34217933	129351000.9096517	56079199.04659169
-57005013.179502256	129350392.65754062	56078935.40907889
-57006642.00902786	129349784.38778743	56078671.76389813
-57008270.83076951	129349176.10038565	56078408.11105083
-57009899.64468242	129348567.79533504	56078144.45058297
-57011528.45074539	129347959.4726556	56077880.78246962
-57013157.24906831	129347351.13231358	56077617.10667778
-57014786.039517365	129346742.77434288	56077353.42326423
-57016414.822189026	129346134.39872459	56077089.73217529
-57018043.59708149	129345526.00545919	56076826.03341129
-57019672.36414486	129344917.59453942	56076562.327039786
-57021301.1233835	129344309.16598803	56076298.613003686
-57022929.87478226	129343700.71980035	56076034.89132948
-57024558.61845456	129343092.25595385	56075771.161953636
-57026187.3542301	129342483.77448012	56075507.42497648
-57027816.08226873	129341875.27533813	56075243.68032992
-57029444.802445315	129341266.75857267	56074979.92803807
-57031073.5148223	129340658.22416006	56074716.16809195
-57032702.219386935	129340049.67211099	56074452.40047986
-57034330.91616822	129339441.10239387	56074188.625245206
-57035959.60511221	129338832.5150503	56073924.842346385
-57037588.286282256	129338223.91004537	56073661.05180024
-57039216.9595914	129337615.287427	56073397.253584325
-57040845.62506878	129337006.64716357	56073133.44774194
-57042474.28278433	129336397.98923953	56072869.634237744
-57044102.9327147	129335789.31366065	56072605.81308214
-57045731.57478909	129335180.62045813	56072341.98427556
-57047360.209069684	129334571.90960121	56072078.1478249
-57048988.83554981	129333963.18110757	56071814.30369698
-57050617.45420851	129333354.43497546	56071550.45191651
-57052246.065033525	129332745.67119719	56071286.59251384
-57053874.6680566	129332136.88977519	56071022.725451246
-57055503.26325913	129331528.0907106	56070758.85074485
-57057131.850669935	129330919.2740004	56070494.96837275
-57058760.43026614	129330310.439643	56070231.07836104
-57060389.0020318	129329701.58765922	56069967.18067839
-57062017.56599545	129329092.71800369	56069703.27540031
-57063646.12215366	129328483.83072318	56069439.36242256
-57065274.67048586	129327874.92581043	56069175.44178247
-57066903.21103117	129327266.00324352	56068911.5134912
-57068531.7437618	129326657.06301838	56068647.57758602
-57070160.26863036	129326048.10518298	56068383.63400458
-57071788.78572062	129325439.12969013	56068119.682770506
-57073417.294992566	129324830.13654935	56067855.72390258
-57075045.79645025	129324221.125773	56067591.75736815
-57076674.29012071	129323612.09733017	56067327.78321098
-57078302.77593656	129323003.05127797	56067063.801367745
-57079931.253946304	129322393.98757295	56066799.81188925
-57081559.724157445	129321784.90621631	56066535.81476541
-57083188.18655137	129321175.80722167	56066271.80998373
-57084816.64112308	129320566.6905991	56066007.79752582
-57086445.08786978	129319957.55632228	56065743.77745535
-57088073.526795074	129319348.40440355	56065479.74973981
-57089701.95794676	129318739.23483744	56065215.71434362
-57091330.38128577	129318130.0476318	56064951.671288274
-57092958.796777144	129317520.84278172	56064687.62062041
-57094587.204469435	129316911.62029842	56064423.56226517
-57096215.60431546	129316302.38017617	56064159.49628344
-57097843.99636374	129315693.1223999	56063895.422660686
-57099472.38060738	129315083.84697688	56063631.34138716
-57101100.75702594	129314474.5539263	56063367.252439246
-57102729.1256454	129313865.24322587	56063103.15584209
-57104357.48640956	129313255.91489309	56062839.05161276
-57105985.839418754	129312646.56889811	56062574.9397171
-57107614.18457723	129312037.2052815	56062310.82015996
-57109242.521904886	129311427.82401839	56062046.692977555
-57110870.85139977	129310818.42512023	56061782.5581461
-57112499.17313718	129310209.00857136	56061518.415624775
-57114127.48701884	129309599.574375	56061254.26550621
-57115755.79311336	129308990.12254639	56060990.107685395
-57117384.09134993	129308380.65307733	56060725.94225342
-57119012.381775856	129307771.16596515	56060461.76916818
-57120640.66443471	129307161.66118522	56060197.588441946
-57122268.93921345	129306552.13879924	56059933.40004775
-57123897.20621542	129305942.5987613	56059669.20398625
-57125525.46536633	129305333.04110315	56059405.00025949
-57127153.716746144	129304723.46576823	56059140.78891671
-57128781.96025272	129304113.87280507	56058876.56995017
-57130410.195948035	129303504.26220721	56058612.34331119
-57132038.42385424	129302894.63395965	56058348.10901218
-57133666.6439441	129302284.9880737	56058083.86705461
-57135294.85621242	129301675.32455105	56057819.61744002
-57136923.06066253	129301065.64338472	56057555.36018068
-57138551.25726241	129300455.94458473	56057291.095286585
-57140179.44604648	129299846.22812875	56057026.82277386
-57141807.6270415	129299236.49403834	56056762.54256543
-57143435.800201975	129298626.7423109	56056498.25471392
-57145063.965549216	129298016.97293413	56056233.959225915
-57146692.12308745	129297407.18593094	56055969.65604402
-57148320.27279154	129296797.38127331	56055705.345258616
-57149948.414656095	129296187.55899492	56055441.02679745
-57151576.54871872	129295577.71905623	56055176.70071337
-57153204.67496767	129294967.8614913	56054912.36693977
-57154832.79338032	129294357.98627356	56054648.02556116
-57156460.903984554	129293748.09342542	56054383.67649716
-57158089.00677186	129293138.18291526	56054119.31982941
-57159717.10172891	129292528.25478554	56053854.95547379
-57161345.18888136	129291918.3090024	56053590.583481714
-57162973.2681994	129291308.34559202	56053326.203823596
-57164601.33967896	129290698.36454387	56053061.81652791
-57166229.40337082	129290088.36584957	56052797.42156184
-57167857.459245354	129289478.34950283	56052533.0189703
-57169485.50725426	129288868.3155442	56052268.608709015
-57171113.54747576	129288258.26391414	56052004.19083546
-57172741.579864584	129287648.19466348	56051739.76527854
-57174369.6044477	129287038.10776517	56051475.332073145
-57175997.62117013	129286428.00324279	56051210.89122096
-57177625.63009854	129285817.88105883	56050946.44274047
-57179253.63120673	129285207.74124183	56050681.98659272
-57180881.62447472	129284597.58379392	56050417.52279279
-57182509.609948866	129283987.40869024	56050153.05135109
-57184137.587536514	129283377.21597718	56049888.57225484
-57185765.55735957	129282767.00559604	56049624.08551522
-57187393.51934611	129282156.77758001	56049359.59112886
-57189021.47351873	129281546.53192396	56049095.08908484
-57190649.41984472	129280936.26864436	56048830.5793781
-57192277.3583758	129280325.98770128	56048566.062048316
-57193905.289093986	129279715.6891367	56048301.5370169
-57195533.21196501	129279105.3729106	56048037.00441091
-57197161.12698857	129278495.03907295	56047772.46411565
-57198789.03420141	129277884.68758737	56047507.91617754
-57200416.93358971	129277274.31846672	56047243.36058062
-57202044.82516267	129276663.93169726	56046978.79734761
-57203672.70891163	129276053.52729137	56046714.226458505
-57205300.58483138	129275443.10524777	56046449.64792153
-57206928.45291053	129274832.66557975	56046185.061717995
-57208556.31319116	129274222.20824328	56045920.46790609
-57210184.1656537	129273611.7332769	56045655.86641701
-57211812.01028096	129273001.24067499	56045391.257281356
-57213439.84708446	129272390.73044328	56045126.64047403
-57215067.67604261	129271780.20256893	56044862.01604669
-57216695.49718394	129271169.65704736	56044597.38398063
-57218323.31047264	129270559.09390084	56044332.744261526
-57219951.11596994	129269948.51311335	56044068.09686275
-57221578.913650475	129269337.9146766	56043803.441830575
-57223206.703508146	129268727.29859582	56043538.77915845
-57224834.48551875	129268116.66488953	56043274.10882825
-57226462.2597119	129267506.01354319	56043009.43084356
-57228090.02607791	129266895.34455977	56042744.74520722
-57229717.784590684	129266284.65793432	56042480.051957496
-57231345.53530184	129265673.95368098	56042215.35100866
-57232973.27820293	129265063.23177291	56041950.64243175
-57234601.01324122	129264452.49224052	56041685.926209964
-57236228.740447655	129263841.73508047	56041421.202319734
-57237856.459847584	129263230.96025662	56041156.470818356
-57239484.17138449	129262620.16780353	56040891.731683806
-57241111.87514188	129262009.35771725	56040626.98484011
-57242739.57105692	129261398.52998231	56040362.230386734
-57244367.259125955	129260787.68462476	56040097.46826766
-57245994.93941013	129260176.82161126	56039832.69849692
-57247622.61183322	129259565.94097492	56039567.921076246
-57249250.276405476	129258955.04270227	56039303.1360265
-57250877.93321489	129258344.12677516	56039038.34329893
-57252505.58211015	129257733.19323735	56038773.54294786
-57254133.22323185	129257122.2420381	56038508.73494641
-57255760.85651169	129256511.27321132	56038243.91928594
-57257388.481992275	129255900.28673097	56037979.09598307
-57259016.09959917	129255289.28264275	56037714.265008606
-57260643.709396236	129254678.26089433	56037449.426417634
-57262271.31134568	129254067.22152999	56037184.58014729
-57263898.90548946	129253456.16450414	56036919.726259045
-57265526.49179123	129252845.08986081	56036654.86468886
-57267154.070267305	129252233.997556	56036389.9955215
-57268781.640885755	129251622.88763888	56036125.11867626
-57270409.20370998	129251011.76007299	56035860.23417206
-57272036.758677274	129250400.61487722	56035595.342029735
-57273664.305820994	129249789.45204122	56035330.44223898
-57275291.84514172	129249178.27155541	56035065.534821406
-57276919.37664746	129248567.0734404	56034800.61972078
-57278546.900302395	129247955.85770391	56034535.69695648
-57280174.416116565	129247344.62430969	56034270.76660146
-57281801.92411668	129246733.37328766	56034005.82855968
-57283429.424286865	129246122.1046353	56033740.88285294
-57285056.91660397	129245510.81833126	56033475.92955414
-57286684.40108953	129244899.51440701	56033210.96856882
-57288311.87775364	129244288.19284806	56032945.999919884
-57289939.34657623	129243676.85363676	56032681.02366858
-57291566.80756847	129243065.49679801	56032416.039746106
-57293194.26073643	129242454.1223109	56032151.04819444
-57294821.70608658	129241842.73019902	56031886.04895264
-57296449.14355862	129241231.32046019	56031621.042087056
-57298076.57321386	129240619.8930714	56031356.027588435
-57299703.99504485	129240008.44805619	56031091.005409904
-57301331.40906161	129239396.9853886	56030825.975600995
-57302958.81522611	129238785.50509481	56030560.938140295
-57304586.21353579	129238174.00717649	56030295.893026635
-57306213.604050644	129237562.49160327	56030030.8402685
-57307840.98672998	129236950.95839809	56029765.77985481
-57309468.36154026	129236339.40755424	56029500.71183494
-57311095.72852789	129235727.83909893	56029235.636099
-57312723.08770469	129235116.25297391	56028970.55276914
-57314350.43902479	129234504.64923324	56028705.46176756
-57315977.78251784	129233893.0278491	56028440.36312818
-57317605.118173674	129233281.38884442	56028175.256808236
-57319232.44598636	129232669.73218216	56027910.14289947
-57320859.76593562	129232058.05790879	56027645.0213155
-57322487.078095965	129231446.36598416	56027379.8920722
-57324114.38240426	129230834.65642819	56027114.755188644
-57325741.67888513	129230222.92922992	56026849.61066482
-57327368.96752234	129229611.18439695	56026584.45849955
-57328996.24834078	129228999.4219363	56026319.29865145
-57330623.521293364	129228387.64183731	56026054.13119335
-57332250.7864205	129227775.84411116	56025788.95605758
-57333878.043712676	129227164.02874658	56025523.77328036
-57335505.29321321	129226552.19572549	56025258.582858905
-57337132.53478792	129225940.34510799	56024993.38479186
-57338759.76859825	129225328.47682023	56024728.1790841
-57340386.99454915	129224716.59090053	56024462.96574505
-57342014.21261957	129224104.68737404	56024197.74473772
-57343641.42290128	129223492.76619555	56023932.516072616
-57345268.62534496	129222880.82738458	56023667.27975506
-57346895.81994339	129222268.87092344	56023402.035833396
-57348523.006687194	129221656.89683986	56023136.78425324
-57350150.18559428	129221044.9051312	56022871.52500227
-57351777.35668042	129220432.89578737	56022606.25808765
-57353404.519918196	129219820.86879732	56022340.983562775
-57355031.675329424	129219208.8241831	56022075.70135473
-57356658.82289092	129218596.76192434	56021810.4115339
-57358285.962632924	129217984.68203707	56021545.11403244
-57359913.0944966	129217372.58451098	56021279.808934376
-57361540.21856388	129216760.46934673	56021014.49615435
-57363167.33475946	129216148.33656247	56020749.175727315
-57364794.4431087	129215536.18613863	56020483.847672716
-57366421.54365734	129214924.01807733	56020218.511938736
-57368048.6363166	129214311.83239211	56019953.168584906
-57369675.721166454	129213699.62905785	56019687.81758736
-57371302.79820214	129213087.40808938	56019422.458916865
-57372929.867342226	129212475.16952033	56019157.092579044
-57374556.92866651	129211862.91328229	56018891.718650006
-57376183.98216115	129211250.63941994	56018626.337040864
-57377811.027806826	129210638.34792426	56018360.94779209
-57379438.06561751	129210026.03878598	56018095.55091093
-57381065.0955834	129209413.71201842	56017830.146376625
-57382692.11768114	129208801.36763434	56017564.7341835
-57384319.131983005	129208189.00559253	56017299.31435271
-57385946.13841628	129207576.62593645	56017033.886858344
-57387573.13699401	129206964.22864738	56016768.451730475
-57389200.12773962	129206351.81371485	56016503.00896894
-57390827.110667065	129205739.38115051	56016237.5585326
-57392454.085710466	129205126.93096459	56015972.100465484
-57394081.05294792	129204514.463131	56015706.63474767
-57395708.01234129	129203901.97765768	56015441.16139991
-57397334.96387041	129203289.47457008	56015175.680383936
-57398961.90754389	129202676.9538484	56014910.19173696
-57400588.84340469	129202064.41548817	56014644.695425004
-57402215.77143733	129201451.85948943	56014379.19146386
-57403842.69160717	129200839.28586023	56014113.67987059
-57405469.60392458	129200226.6946036	56013848.160627194
-57407096.50840818	129199614.08570985	56013582.633737125
-57408723.40503395	129199001.45918699	56013317.09920656
-57410350.29381519	129198388.8150266	56013051.55704139
-57411977.17477566	129197776.15324095	56012786.007188804
-57413604.04786069	129197163.47382192	56012520.44972345
-57415230.9131365	129196550.77675797	56012254.884604156
-57416857.77054879	129195938.06207357	56011989.31183012
-57418484.62010955	129195325.32975452	56011723.7314217
-57420111.46182035	129194712.57980745	56011458.14336206
-57421738.29571112	129194099.81222743	56011192.54763206
-57423365.1217347	129193487.02701186	56010926.94428566
-57424991.939903826	129192874.224164	56010661.333302334
-57426618.75026253	129192261.4036804	56010395.714645214
-57428245.55274266	129191648.56557396	56010130.08835389
-57429872.34740164	129191035.70982362	56009864.45441844
-57431499.13419188	129190422.8364524	56009598.81283448
-57433125.913155675	129189809.94544202	56009333.16360062
-57434752.68425514	129189197.0368031	56009067.506731376
-57436379.44752943	129188584.11053275	56008801.842193216
-57438006.20292781	129187971.16663215	56008536.1700353
-57439632.95048043	129187358.20510352	56008270.49022169
-57441259.69022829	129186745.22593379	56008004.80274036
-57442886.4220921	129186132.22912881	56007739.107659265
-57444513.146123484	129185519.21469752	56007473.404904835
-57446139.86228759	129184906.18264905	56007207.694491535
-57447766.57063456	129184293.13295406	56006941.97643559
-57449393.27112469	129183680.06562869	56006676.250740744
-57451019.96374177	129183066.98068146	56006410.517403685
-57452646.648543626	129182453.87808396	56006144.776430935
-57454273.32545118	129181840.75787342	56005879.02781727
-57455899.99454615	129181227.62002909	56005613.27152704
-57457526.65577222	129180614.46455297	56005347.507613294
-57459153.309178	129180001.29144995	56005081.73601486
-57460779.954743996	129179388.10069819	56004815.95680212
-57462406.592407286	129178774.892329	56004550.1699674
-57464033.2222398	129178161.66633137	56004284.37546219
-57465659.84422168	129177548.42271206	56004018.57329133
-57467286.45837153	129176935.16144049	56003752.763506174
-57468913.06465674	129176321.8825498	56003486.94606375
-57470539.663101695	129175708.58603024	56003221.12096161
-57472166.25372195	129175095.27187036	56002955.28821016
-57473792.836416416	129174481.94009207	56002689.44786244
-57475419.411317706	129173868.59066308	56002423.59985704
-57477045.978354014	129173255.22362801	56002157.74416439
-57478672.53754608	129172641.83894567	56001891.88085857
-57480299.08889605	129172028.43664858	56001626.009862036
-57481925.63238158	129171415.01670358	56001360.13127446
-57483552.16797799	129170801.57915106	56001094.245027795
-57485178.695768036	129170188.12395541	56000828.3511192
-57486805.215693325	129169574.65111692	56000562.44960792
-57488431.727791205	129168961.16065025	56000296.540422164
-57490058.23202534	129168347.6525808	56000030.62354041
-57491684.72838837	129167734.12687463	55999764.69904805
-57493311.21689574	129167120.5835196	55999498.766957566
-57494937.697570376	129166507.02254258	55999232.82718367
-57496564.170375004	129165893.44394389	55998966.87976343
-57498190.63533373	129165279.84771101	55998700.924701266
-57499817.09247681	129164666.23383687	55998434.96198211
-57501443.54171749	129164052.60233864	55998168.99165595
-57503069.9831297	129163438.95322411	55997903.01362835
-57504696.41664006	129162825.28646965	55997637.02802917
-57506322.84231775	129162211.60210036	55997371.034729786
-57507949.26018085	129161597.9000799	55997105.03379524
-57509575.67016935	129160984.1804442	55996839.02520433
-57511202.072282955	129160370.44318736	55996573.00897084
-57512828.46658022	129159756.68827854	55996306.985105716
-57514454.85298276	129159142.91575055	55996040.95361405
-57516081.23153188	129158529.12560327	55995774.914453454
-57517707.60226656	129157915.31780417	55995508.867659025
-57519333.965125576	129157301.49239112	55995242.813206054
-57520960.32010523	129156687.64935642	55994976.75111634
-57522586.66726538	129156073.78868484	55994710.68136337
-57524213.00654415	129155459.91038315	55994444.60399512
-57525839.33796619	129154846.01446736	55994178.51894922
-57527465.66154344	129154232.10089883	55993912.42630254
-57529091.97726469	129153618.16971305	55993646.325985044
-57530718.28512708	129153004.22090475	55993380.21801144
-57532344.5851099	129152390.25446141	55993114.10243171
-57533970.87727197	129151776.27039301	55992847.97916297
-57535597.16154489	129151162.26869918	55992581.848275736
-57537223.43800683	129150548.24936268	55992315.70972992
-57538849.70658991	129149934.21240014	55992049.5635565
-57540475.96730515	129149320.15781847	55991783.40972846
-57542102.22014389	129148706.08562489	55991517.24823795
-57543728.46516957	129148091.99578054	55991251.07910923
-57545354.70232278	129147477.8883103	55990984.90234622
-57546980.93159077	129146863.76322167	55990718.717944585
-57548607.1530251	129146249.6204992	55990452.52588694
-57550233.3666209	129145635.46013668	55990186.32619255
-57551859.57232481	129145021.28215633	55989920.11886515
-57553485.7701572	129144407.08655867	55989653.9038823
-57555111.960146755	129143792.87332395	55989387.68126042
-57556738.14229726	129143178.64246291	55989121.450970545
-57558364.31657302	129142564.39397146	55988855.21305884
-57559990.48299522	129141950.12785915	55988588.96748156
-57561616.64152826	129141335.84411997	55988322.714289255
-57563242.792250216	129140721.54274248	55988056.45342762
-57564868.935068995	129140107.22374618	55987790.18494669
-57566495.07002743	129139492.88713099	55987523.908802584
-57568121.197157264	129138878.53287072	55987257.62502295
-57569747.316425905	129138264.1609808	55986991.33360572
-57571373.42780996	129137649.77148436	55986725.03452135
-57572999.531348005	129137035.36435062	55986458.72780162
-57574625.62700134	129136420.93959467	55986192.413451195
-57576251.71483218	129135806.49720041	55985926.0914432
-57577877.7947709	129135192.03718822	55985659.76180238
-57579503.86686461	129134577.5595515	55985393.424495324
-57581129.93107877	129133963.06428926	55985127.07955989
-57582755.9874568	129133348.55139089	55984860.72697592
-57584382.03595221	129132734.02086785	55984594.36676463
-57586008.07657541	129132119.47273283	55984327.99888638
-57587634.10935921	129131504.90695433	55984061.623379536
-57589260.134282574	129130890.32355188	55983795.240221016
-57590886.15132581	129130275.722535	55983528.84940896
-57592512.160536036	129129661.1038724	55983262.450967185
-57594138.161846735	129129046.46759737	55982996.04488727
-57595764.155293025	129128431.81369954	55982729.631157055
-57597390.14089586	129127817.1421704	55982463.20977423
-57599016.118640184	129127202.45300454	55982196.78076731
-57600642.088521205	129126587.74622427	55981930.34408943
-57602268.05052152	129125973.02181832	55981663.89978435
-57603894.004653074	129125358.27978902	55981397.44783463
-57605519.950922154	129124743.52013311	55981130.98824123
-57607145.88933125	129124128.74284323	55980864.521018386
-57608771.819874816	129123513.94793178	55980598.04614331
-57610397.742552206	129122899.1354005	55980331.5636127
-57612023.6573852	129122284.30522889	55980065.07345153
-57613649.56433284	129121669.45744726	55979798.57563169
-57615275.46341169	129121054.59203228	55979532.07019024
-57616901.35464234	129120439.70899828	55979265.557072625
-57618527.238006	129119824.80832912	55978999.03633555
-57620153.11347835	129119209.89004165	55978732.50796502
-57621778.98110144	129118594.95413291	55978465.9719249
-57623404.8408607	129117980.0005964	55978199.42824484
-57625030.69275364	129117365.0294277	55977932.87693768
-57626656.536784574	129116750.04063617	55977666.31797733
-57628282.37292842	129116135.03421925	55977399.75139564
-57629908.20122946	129115520.01018128	55977133.177136995
-57631534.02165963	129114904.96851434	55976866.59524815
-57633159.834196836	129114289.90924102	55976600.00570022
-57634785.63886543	129113674.83232988	55976333.40854038
-57636411.43571338	129113059.73777881	55976066.8037241
-57638037.22465552	129112444.62561436	55975800.191277936
-57639663.00570251	129111829.49584758	55975533.5711653
-57641288.77893899	129111214.34842235	55975266.94342844
-57642914.5442957	129110599.18338746	55975000.30802613
-57644540.30176005	129109984.00072953	55974733.665002495
-57646166.051362954	129109368.80044536	55974467.01433258
-57647791.793123	129108753.58252864	55974200.356012024
-57649417.526973814	129108138.34700684	55973933.690045744
-57651043.25296563	129107523.09385358	55973667.01644282
-57652668.97111012	129106907.82307093	55973400.33518628
-57654294.68136065	129106292.53466733	55973133.646305196
-57655920.38378066	129105677.22862788	55972866.94976817
-57657546.07826674	129105061.90498397	55972600.24560919
-57659171.764923826	129104446.56371331	55972333.53377188
-57660797.44370805	129103831.20480615	55972066.81432382
-57662423.114602886	129103215.82828905	55971800.08722048
-57664048.7776367	129102600.43413623	55971533.35249242
-57665674.4328234	129101985.02236356	55971266.61008859
-57667300.08013128	129101369.59296751	55970999.86004967
-57668925.71953597	129100754.14595251	55970733.10239068
-57670551.351089604	129100138.68131697	55970466.33706136
-57672176.97478541	129099523.19904512	55970199.564105265
-57673802.590575494	129098907.69916493	55969932.783506975
-57675428.19854803	129098292.1816512	55969665.995234005
-57677053.79859791	129097676.64651096	55969399.19937819
-57678679.39077205	129097061.09376065	55969132.39585352
-57680304.97508483	129096445.52338465	55968865.584681086
-57681930.55153936	129095829.93537596	55968598.76587353
-57683556.12010693	129095214.32975893	55968331.93940468
